1915753031871668426
1916667253421916627
1916682281621618812
1916776380865401230
1916841857490858309
1917364832761679904
1917371053829152994
1917745021245174001
1918109490865414300
1918111475383632321
1918116513145385068
1919215605594370363
1919217743707984235
1919559173034901928
1919824401953947895
1919827786639745412
1920155451062116669
1920273424913473995
1920274153120161875
1920276890239005027
1920278720369041500
1920623960745451688
1920624894120780065
1920628868580254167
1920630101969871307
1920631962433204705
1920634879751897585
1921019398652825967
1921020614849986846
1921398145205813503
1921401331497017827
1921734356319560076
1922073746220708122
1922076635781640197
1922078927066898492
1922080595758256339
1922082343445012516
1922781374861246918
1922782713846653275
1922791317362380895
1922792627251908823
1922795795536896449
1922797574995476791
1923169529816883313
1923170424759718041
1923171760549068843
1923172548188995902
1924452970076242216
1924599209342189681
1924599626369270128
1924605047310041180
1924608565873881367
1924609512901583154
1924612113575677976
1924812741417578979
1926098774683726289
1926424144217850179
1927151602726510799
1927151956205646324
1927152708714152056
1927153764139471186
1927511034602074578
1927889184749961227
1928025241252499958
1928251992880689625
1928253219643207780
1928610675707830731
1929303692823462005
1929304305472848040
1929304647795155085
1930030904434434442
1930033533025649004
1930035463185723452
1930036422125175161
1930038024823267741
1930039578745766375
1930398122204606530
1930401604009689441
1930402473400836437
1930403911019495849
1930537990540952059
1938990914703069625
1939032288538591404
1939082069046632866
1939086566388810206
1939375554102227185
1939654600426176539
1939654956606452106
1939719459423596578
1939719780853797270
1939720432636055688
1939720777521090936
1939726357908410435
1939729739335238077
1939763683036406070
1939769962014621895
1939774444265685412
1939776505585791141
1939776718127997373
1939777050727854130
1939844142202298850
1940018619963892122
1940029612232196279
1940040775557115965
1940040919572488536
1940111042782318707
1940113278048342376
1940130766073339995
1940132404519453116
1940344745127034889
1940471908883136592
1940473284707099092
1940476153531449813
1940766517387252185
1940797766646878686
1940804257458073798
1940833879687925998
1940834646973124934
1940884146563219677
1941045564948599298
1941047531376726139
1941047766530379900
1941112421512327500
1941113852042580121
1941124538798108826
1941181152330469415
1941181480803172728
1941182461117071568
1941573613263651080
1941581515571499424
1941582303865573406
1941584142778630513
1941584563169284283
1941585503813259468
1941605752843448782
1941606352201077029
1941606702429724853
1941761535296057447
1941805992607420703
1941806995062804723
1941882484796379519
1941903541389476068
1941946213474910628
1941946487279075781
1941948400619913567
1941948575425933612
1942121322475045008
1942130198981345742
1942207036130767207
1942261376245809639
1942261827578015969
1942288643638583383
1942288914368323860
1942304800990761266
1942305022714470474
1942307096881684891
1942309491221094525
1942311369463758929
1942312442249322925
1942316091864408462
1942319387123589403
1942320858544103689
1942321550545285382
1942321791940321543
1942322858299924979
1942327824444182688
1942332678336094457
1942332796204437764
1942574365184287173
1942576708462227907
1942668753755595006
1942669540996927914
1942692588470862020
1942838282758369328
1942853674755375492
1942854576308175103
1942945539344990482
1942964413020987662
1942983636896354567
1942984285872414882
1942985811558887912
1942995710355607770
1942995947539017958
1942996165814878670
1943024240812290263
1943024936194576839
1943144805204123962
1943213663885611039
1943311163401318476
1943311463839354934
1943313330107494853
1943347163271991368
1943386108173131875
1943387460186030296
1943410880580137023
1943435230796259380
1943543186762203221
1943721476944703826
1943722984402727058
1943756531608301950
1943757664334623048
1943775297830367401
1943776133264421131
1943776508947878015
1944094915035586776
1944150002298925280
1944151495207006543
1944418531292127595
